I
1130 Generated by WorldEditor 2.2.0r2

1    274 1 0 EGJJ Jersey
1302 city Saint Helier
1302 country Jersey
1302 datum_lat 49.207952778
1302 datum_lon -2.195525
1302 faa_code 
1302 gui_label 3D
1302 iata_code JER
1302 icao_code EGJJ
1302 region_code EG
1302 state (unassigned)
1302 transition_alt 5000
1302 transition_level 
1302 drive_on_left 1
100 46.02 1 0 0.00 1 3 0 08  49.20699471 -002.20692947   61    0 5 3 1 1 26  49.20893263 -002.18365915   92    0 5 4 1 1
110 5 0.00 0.0000 New Taxiway 14
111  49.20658091 -002.18323335
111  49.20662521 -002.18322410
111  49.20663311 -002.18329447
113  49.20658926 -002.18330667
110 5 0.00 0.0000 New Taxiway 14
111  49.20660259 -002.18341879
111  49.20664689 -002.18340954
111  49.20665479 -002.18347991
113  49.20661094 -002.18349211
110 5 0.00 0.0000 New Taxiway 14
111  49.20662357 -002.18360056
111  49.20666787 -002.18359130
111  49.20667577 -002.18366168
113  49.20663192 -002.18367388
110 5 0.00 0.0000 New Taxiway 14
111  49.20664558 -002.18379042
111  49.20668988 -002.18378117
111  49.20669778 -002.18385154
113  49.20665393 -002.18386374
110 3 0.00 0.0000 Aeroclub Grass Parking
111  49.20700984 -002.18441062
111  49.20672783 -002.18411549
111  49.20671701 -002.18399161
111  49.20662389 -002.18320517
112  49.20636738 -002.18283624  49.20625676 -002.18259223
112  49.20638039 -002.18202454  49.20647800 -002.18181539
111  49.20660809 -002.18170220
111  49.20712217 -002.18174681
111  49.20766706 -002.18152589
111  49.20766316 -002.18271515
111  49.20722472 -002.18319301
113  49.20716883 -002.18395596
110 1 0.00 352.0000 Tax E
111  49.20713077 -002.19597151 102
111  49.20750152 -002.19605098
112  49.20750152 -002.19605098  49.20760152 -002.19606799 102
111  49.20771296 -002.19580042
111  49.20763086 -002.19679120 102
112  49.20749741 -002.19648086  49.20739741 -002.19645365
111  49.20749741 -002.19648086 102
113  49.20709874 -002.19639688
110 1 0.00 292.0000 Tax F
111  49.20755796 -002.18861074 102
111  49.20765348 -002.18895006 102
112  49.20798954 -002.19010871  49.20805577 -002.19034947 102
112  49.20818316 -002.19014881  49.20820479 -002.19005919
111  49.20818316 -002.19014881
111  49.20796856 -002.19273270 102
112  49.20789750 -002.19094059  49.20779730 -002.19031620 102
112  49.20768996 -002.18987356  49.20762329 -002.18963887 102
111  49.20746289 -002.18907118 102
113  49.20737366 -002.18874938
110 2 0.00 23.0000 West Apron
111  49.20489798 -002.20335707
111  49.20454578 -002.20357276
111  49.20416951 -002.20216241
111  49.20450602 -002.20194455
111  49.20454125 -002.20202372
111  49.20457750 -002.20204331
111  49.20493446 -002.20199306
111  49.20535537 -002.20192606
112  49.20535537 -002.20192606  49.20542557 -002.20191097
111  49.20541200 -002.20178153
111  49.20549586 -002.20218920
112  49.20541064 -002.20206539  49.20536191 -002.20206451
111  49.20541064 -002.20206539
111  49.20472259 -002.20216742
111  49.20462369 -002.20222420
113  49.20461068 -002.20227500
110 1 0.00 320.0000 New Taxiway 64
111  49.20223775 -002.19532882
112  49.20223775 -002.19532882  49.20224014 -002.19542496
111  49.20228478 -002.19548461
111  49.20249889 -002.19575536
111  49.20261192 -002.19589718
112  49.20261192 -002.19589718  49.20273131 -002.19604615
111  49.20279690 -002.19616138
111  49.20288359 -002.19632158
111  49.20295730 -002.19640860
112  49.20295730 -002.19640860  49.20297984 -002.19643502
111  49.20302329 -002.19643332
112  49.20327321 -002.19633017  49.20332107 -002.19630478
111  49.20327321 -002.19633017
111  49.20338342 -002.19621091
111  49.20358563 -002.19612637
111  49.20360531 -002.19624161
111  49.20359382 -002.19631389
111  49.20353857 -002.19634629
111  49.20356735 -002.19650960
111  49.20350768 -002.19653646
111  49.20347258 -002.19633339
112  49.20340518 -002.19632695  49.20334902 -002.19636602
111  49.20340518 -002.19632695
111  49.20339676 -002.19630331
112  49.20329076 -002.19640860  49.20326587 -002.19641642
111  49.20329076 -002.19640860
111  49.20306331 -002.19649456
111  49.20304435 -002.19659448
111  49.20314061 -002.19669052
111  49.20318018 -002.19676085
111  49.20327718 -002.19677452
111  49.20329441 -002.19660652
111  49.20336780 -002.19661922
111  49.20335121 -002.19679113
111  49.20340099 -002.19680187
111  49.20350798 -002.19677371
111  49.20351522 -002.19687794
111  49.20342214 -002.19701485
111  49.20341356 -002.19708943
111  49.20342188 -002.19709134
111  49.20334877 -002.19771403
111  49.20336650 -002.19771724
111  49.20334866 -002.19787584
111  49.20350665 -002.19791485
111  49.20353978 -002.19755213
111  49.20358310 -002.19755603
111  49.20360094 -002.19741952
112  49.20360094 -002.19741952  49.20345211 -002.19751622
111  49.20341535 -002.19726075
111  49.20343445 -002.19709711
111  49.20354354 -002.19686730
111  49.20369785 -002.19681009
112  49.20373294 -002.19680205  49.20374780 -002.19680056
111  49.20373294 -002.19680205
112  49.20370055 -002.19686410  49.20369612 -002.19689799
111  49.20370055 -002.19686410
111  49.20362874 -002.19752122
111  49.20363105 -002.19758031
111  49.20368433 -002.19758622
111  49.20364499 -002.19793536
111  49.20372306 -002.19795208
111  49.20371647 -002.19800959
111  49.20374082 -002.19801625
111  49.20372859 -002.19811899
111  49.20370982 -002.19811464
111  49.20370626 -002.19814145
111  49.20368966 -002.19813675
111  49.20367754 -002.19823687
111  49.20302180 -002.19809373
111  49.20297184 -002.19773082
111  49.20293328 -002.19771179
111  49.20284571 -002.19652966
111  49.20290772 -002.19645296
111  49.20276926 -002.19618516
112  49.20249095 -002.19580448  49.20233895 -002.19564230
111  49.20249095 -002.19580448
111  49.20245752 -002.19586795
111  49.20236578 -002.19577565
111  49.20237512 -002.19572624
111  49.20235728 -002.19567684
111  49.20224293 -002.19553179
112  49.20214230 -002.19548853  49.20209436 -002.19549661
113  49.20214230 -002.19548853
111  49.20362594 -002.19720639
111  49.20365901 -002.19689649
112  49.20364915 -002.19687252  49.20363581 -002.19687252
111  49.20364915 -002.19687252
112  49.20358881 -002.19691603  49.20356444 -002.19696043
111  49.20358881 -002.19691603
111  49.20348380 -002.19711404
111  49.20346930 -002.19724635
112  49.20346930 -002.19724635  49.20346582 -002.19727743
111  49.20352964 -002.19735024
114  49.20357779 -002.19733781  49.20360738 -002.19730762
110 2 0.00 83.0000 Tax A
111  49.20665928 -002.19135371 102
111  49.20702762 -002.18693201 102
111  49.20720370 -002.18482767
111  49.20722933 -002.18454965 102
111  49.20731355 -002.18354280 102
112  49.20743570 -002.18317829  49.20755864 -002.18298314 102
111  49.20771043 -002.18300730 102
112  49.20805915 -002.18302821  49.20817535 -002.18307587 102
111  49.20823057 -002.18313087 102
111  49.20864277 -002.18352584 102
111  49.20872803 -002.18361733
111  49.20864398 -002.18463747 102
112  49.20839142 -002.18399011  49.20813986 -002.18373767
111  49.20839142 -002.18399011
112  49.20839142 -002.18399011  49.20828938 -002.18389504 102
112  49.20809718 -002.18394266  49.20800005 -002.18398404 102
111  49.20788967 -002.18408778 102
112  49.20741372 -002.18480983  49.20738367 -002.18512672
111  49.20741372 -002.18480983
112  49.20741372 -002.18480983  49.20739870 -002.18496828 102
111  49.20723264 -002.18696992 102
111  49.20714853 -002.18808339 102
112  49.20730625 -002.18829177  49.20745292 -002.18832918
111  49.20730625 -002.18829177
112  49.20730625 -002.18829177  49.20748403 -002.18832918 102
111  49.20755796 -002.18861074
111  49.20737366 -002.18874938 102
112  49.20725062 -002.18861632  49.20717729 -002.18861292
111  49.20725062 -002.18861632
112  49.20725062 -002.18861632  49.20715507 -002.18861292 102
111  49.20706772 -002.18890082 102
113  49.20686199 -002.19139939
112  49.20800053 -002.18332911  49.20790962 -002.18331983 102
111  49.20767463 -002.18331122
112  49.20767463 -002.18331122  49.20765038 -002.18331122 102
112  49.20751908 -002.18354313  49.20750695 -002.18366373
111  49.20751908 -002.18354313 102
111  49.20746763 -002.18416089 102
112  49.20803039 -002.18355663  49.20814756 -002.18351952 102
113  49.20825282 -002.18353126 102
110 2 0.00 30.0000 Cargo Apron
111  49.20460983 -002.19040750
111  49.20491530 -002.19116612
111  49.20460595 -002.19144714
111  49.20454098 -002.19206049
112  49.20441414 -002.19228913  49.20439372 -002.19243565
111  49.20441414 -002.19228913
112  49.20431061 -002.19233863  49.20430825 -002.19236979
111  49.20431061 -002.19233863
111  49.20426307 -002.19210673
111  49.20425226 -002.19206063
111  49.20419203 -002.19202872
111  49.20419203 -002.19201808
111  49.20404377 -002.19191171
111  49.20404422 -002.19188526
113  49.20376600 -002.19117347
110 1 0.00 0.0000 Tax J Link
111  49.20429222 -002.19379397
111  49.20414819 -002.19385405
111  49.20418752 -002.19359856
111  49.20431061 -002.19233863
112  49.20431061 -002.19233863  49.20431296 -002.19230747
111  49.20441414 -002.19228913
112  49.20441414 -002.19228913  49.20443456 -002.19214262
111  49.20454098 -002.19206049
111  49.20446071 -002.19285987
111  49.20457292 -002.19348953
113  49.20425916 -002.19362209
110 1 0.00 353.0000 Tax D
111  49.20626241 -002.20082344 102
112  49.20630818 -002.20081791  49.20633433 -002.20082155
111  49.20630818 -002.20081791 102
111  49.20688612 -002.20092967
112  49.20688612 -002.20092967  49.20698566 -002.20095937 102
112  49.20711480 -002.20077237  49.20717850 -002.20064818
111  49.20711480 -002.20077237 102
111  49.20732879 -002.20034429
111  49.20721889 -002.20164157 102
112  49.20698146 -002.20129155  49.20676570 -002.20124331
111  49.20698146 -002.20129155 102
111  49.20647953 -002.20118176
113  49.20623881 -002.20113411
110 2 0.00 287.0000 New Taxiway 2
111  49.20614093 -002.20643881 102
111  49.20614201 -002.20597844
112  49.20614201 -002.20597844  49.20615042 -002.20567954 102
112  49.20603216 -002.20493109  49.20599566 -002.20473876
111  49.20603216 -002.20493109 102
111  49.20549586 -002.20218920
111  49.20541200 -002.20178153 102
111  49.20503270 -002.19986110 102
111  49.20502420 -002.19980520
111  49.20497069 -002.19948408
111  49.20520004 -002.19951528
111  49.20519919 -002.19961539
111  49.20527733 -002.20001192 102
111  49.20537842 -002.20052676
112  49.20537842 -002.20052676  49.20541409 -002.20069577 102
111  49.20552452 -002.20068277 102
111  49.20626241 -002.20082344
111  49.20623881 -002.20113411 102
111  49.20580186 -002.20105222 102
112  49.20557462 -002.20151252  49.20565602 -002.20193647
111  49.20557462 -002.20151252 102
111  49.20621987 -002.20480182
112  49.20621987 -002.20480182  49.20624585 -002.20493936 102
111  49.20629727 -002.20533195 102
112  49.20631985 -002.20556695  49.20632732 -002.20571282
111  49.20631985 -002.20556695 102
111  49.20634453 -002.20604332 102
113  49.20634855 -002.20643881
110 2 0.00 287.0000 New Taxiway 1
111  49.20718108 -002.20696267 102
112  49.20690871 -002.20720651  49.20668362 -002.20735911 102
112  49.20615018 -002.20655837  49.20610291 -002.20584101
111  49.20615018 -002.20655837 102
111  49.20614093 -002.20643881
111  49.20634855 -002.20643881
112  49.20634855 -002.20643881  49.20634517 -002.20687896 102
112  49.20679462 -002.20657096  49.20684190 -002.20628307
111  49.20679462 -002.20657096
111  49.20682957 -002.20640892
113  49.20679161 -002.20688655
110 1 0.25 0.0000 asphalt_2L.pol
111  49.20603893 -002.19476559
112  49.20603893 -002.19476559  49.20602574 -002.19481242
111  49.20603893 -002.19486842
111  49.20595785 -002.19490979
112  49.20597175 -002.19478332  49.20596647 -002.19472843
111  49.20597175 -002.19478332
111  49.20594626 -002.19460131
112  49.20594626 -002.19460131  49.20593941 -002.19454883
111  49.20589530 -002.19449730
111  49.20600727 -002.19446066
112  49.20600727 -002.19446066  49.20603206 -002.19445339
113  49.20609993 -002.19456349
110 1 0.25 0.0000 asphalt_2L.pol
111  49.20633771 -002.19492893
111  49.20635112 -002.19496435
111  49.20633947 -002.19497728
111  49.20635050 -002.19502168
111  49.20631046 -002.19508473
111  49.20627739 -002.19510071
111  49.20581197 -002.19537154
111  49.20566454 -002.19542688
111  49.20549493 -002.19547558
111  49.20545673 -002.19523308
111  49.20562214 -002.19512839
111  49.20604967 -002.19493576
111  49.20619561 -002.19498398
114  49.20619561 -002.19498398  49.20629523 -002.19501353
110 1 0.25 0.0000 asphalt_3D.pol
111  49.20664164 -002.19170281
112  49.20668140 -002.19222546  49.20672287 -002.19245298
111  49.20668140 -002.19222546
111  49.20691499 -002.19348001
112  49.20695106 -002.19431756  49.20690892 -002.19471142
111  49.20695106 -002.19431756
111  49.20682669 -002.19538544
111  49.20643166 -002.19554882
111  49.20582544 -002.19532070
112  49.20582544 -002.19532070  49.20607006 -002.19485034
111  49.20627739 -002.19510048
111  49.20631046 -002.19508450
111  49.20635050 -002.19502145
111  49.20633947 -002.19497705
111  49.20635112 -002.19496412
111  49.20633771 -002.19492870
112  49.20619561 -002.19498398  49.20609600 -002.19495444
111  49.20619561 -002.19498398
111  49.20604967 -002.19493552
111  49.20562214 -002.19512815
111  49.20545673 -002.19523285
111  49.20513968 -002.19343795
112  49.20502097 -002.19337046  49.20495302 -002.19341065
111  49.20502097 -002.19337046
111  49.20476396 -002.19351465
111  49.20475518 -002.19346397
111  49.20478739 -002.19337878
111  49.20471896 -002.19302586
111  49.20473473 -002.19281037
111  49.20495033 -002.19271410
111  49.20485764 -002.19221179
112  49.20485764 -002.19221179  49.20484277 -002.19213106
111  49.20484695 -002.19204305
112  49.20484695 -002.19204305  49.20485642 -002.19191965
111  49.20491150 -002.19179772
111  49.20499497 -002.19160166
111  49.20497609 -002.19142612
111  49.20478895 -002.19045913
111  49.20510663 -002.19032899
111  49.20550841 -002.19048344
112  49.20550841 -002.19048344  49.20574965 -002.19059135
112  49.20596252 -002.19083096  49.20601473 -002.19089474
111  49.20597471 -002.19100078
111  49.20598562 -002.19100638
111  49.20609852 -002.19075352
111  49.20621495 -002.19049240
112  49.20621495 -002.19049240  49.20628668 -002.19031924
111  49.20618072 -002.19017361
111  49.20619755 -002.19015763
112  49.20624977 -002.19044356  49.20621285 -002.19056789
111  49.20624977 -002.19044356
111  49.20616100 -002.19072151
111  49.20622308 -002.19077834
111  49.20605889 -002.19114153
112  49.20605889 -002.19114153  49.20604787 -002.19116551
111  49.20604380 -002.19132535
111  49.20604308 -002.19186521
112  49.20604308 -002.19186521  49.20617436 -002.19155898
111  49.20641422 -002.19163867
113  49.20644742 -002.19164812
111  49.20590943 -002.19222273
111  49.20595344 -002.19214472
112  49.20598896 -002.19193198  49.20599318 -002.19188919
111  49.20598896 -002.19193198
111  49.20599978 -002.19174760
111  49.20600055 -002.19159631
113  49.20594572 -002.19177360
111  49.20593962 -002.19157300
111  49.20597820 -002.19145350
112  49.20595039 -002.19135296  49.20591635 -002.19134195
111  49.20595039 -002.19135296
111  49.20590628 -002.19135369
112  49.20590628 -002.19135369  49.20587320 -002.19136396
111  49.20586265 -002.19144542
111  49.20588710 -002.19155918
113  49.20593512 -002.19154280
111  49.20581239 -002.19142347
111  49.20579672 -002.19140304
111  49.20551360 -002.19152115
112  49.20547995 -002.19160373  49.20549303 -002.19166044
111  49.20547995 -002.19160373
111  49.20550084 -002.19170851
112  49.20550084 -002.19170851  49.20553440 -002.19176389
111  49.20555189 -002.19167211
111  49.20551128 -002.19164547
112  49.20559656 -002.19152559  49.20564495 -002.19150490
111  49.20559656 -002.19152559
111  49.20568417 -002.19149184
112  49.20568417 -002.19149184  49.20574432 -002.19147116
111  49.20579498 -002.19151582
111  49.20577700 -002.19160018
112  49.20577700 -002.19160018  49.20582451 -002.19160885
113  49.20584198 -002.19156999
111  49.20541248 -002.19176433
112  49.20541248 -002.19176433  49.20544729 -002.19177410
111  49.20545941 -002.19172765
111  49.20543496 -002.19161666
112  49.20543496 -002.19161666  49.20542510 -002.19157759
111  49.20538909 -002.19157766
111  49.20514445 -002.19168557
112  49.20514445 -002.19168557  49.20498027 -002.19175750
111  49.20498476 -002.19209510
111  49.20514615 -002.19297006
111  49.20527017 -002.19299346
111  49.20528206 -002.19287645
112  49.20524639 -002.19282315  49.20521448 -002.19281604
111  49.20524639 -002.19282315
111  49.20522685 -002.19288425
112  49.20514445 -002.19274904  49.20512577 -002.19263749
111  49.20514445 -002.19274904
111  49.20504677 -002.19221340
112  49.20515125 -002.19172327  49.20534561 -002.19161849
111  49.20515125 -002.19172327
111  49.20531859 -002.19165306
112  49.20531859 -002.19165306  49.20536036 -002.19164063
113  49.20542731 -002.19170637
111  49.20516173 -002.19205120
111  49.20511387 -002.19204436
111  49.20514961 -002.19227977
112  49.20518343 -002.19226316  49.20518764 -002.19222223
111  49.20518343 -002.19226316
111  49.20518886 -002.19221456
113  49.20514642 -002.19220944
111  49.20517804 -002.19188626
111  49.20522129 -002.19189353
111  49.20522446 -002.19186043
111  49.20519070 -002.19185963
112  49.20512266 -002.19197587  49.20511528 -002.19203803
111  49.20512266 -002.19197587
113  49.20516908 -002.19198233
112  49.20538440 -002.19187979  49.20539002 -002.19181747
111  49.20538440 -002.19187979
112  49.20538440 -002.19187979  49.20539142 -002.19182821
112  49.20527700 -002.19187764  49.20525594 -002.19201732
111  49.20527700 -002.19187764
111  49.20533597 -002.19189483
113  49.20533456 -002.19191632
112  49.20544488 -002.19188101  49.20535809 -002.19205788
111  49.20544488 -002.19188101
111  49.20551488 -002.19189862
111  49.20552543 -002.19187734
113  49.20554893 -002.19187954
112  49.20571043 -002.19164439  49.20568458 -002.19163955
111  49.20571043 -002.19164439
111  49.20565347 -002.19166538
112  49.20565347 -002.19166538  49.20562868 -002.19167507
111  49.20562446 -002.19170817
111  49.20566612 -002.19171866
111  49.20566823 -002.19169364
113  49.20573364 -002.19170736
111  49.20578988 -002.19233622
111  49.20585385 -002.19172280
112  49.20578173 -002.19174136  49.20575057 -002.19186318
111  49.20578173 -002.19174136
111  49.20582704 -002.19175406
113  49.20577344 -002.19233134
111  49.20556534 -002.19295334
111  49.20560885 -002.19289296
112  49.20560885 -002.19289296  49.20562045 -002.19287786
111  49.20560595 -002.19287520
113  49.20557056 -002.19287076
111  49.20554495 -002.19296810
111  49.20554574 -002.19294505
111  49.20550612 -002.19294020
114  49.20550612 -002.19294020  49.20552316 -002.19299660
111  49.20544047 -002.19297109
111  49.20539828 -002.19296302
111  49.20539109 -002.19305035
114  49.20539109 -002.19305035  49.20543472 -002.19307016
111  49.20534745 -002.19294394
112  49.20533930 -002.19297916  49.20534985 -002.19301072
111  49.20537335 -002.19302686
113  49.20538150 -002.19295127
111  49.20576146 -002.19261636
111  49.20578375 -002.19238072
111  49.20577153 -002.19237636
111  49.20573150 -002.19276442
111  49.20569495 -002.19275731
112  49.20569495 -002.19275731  49.20566420 -002.19276797
111  49.20570133 -002.19283013
111  49.20576109 -002.19280704
112  49.20576109 -002.19280704  49.20577908 -002.19279994
113  49.20577734 -002.19277507
111  49.20530571 -002.19268915
111  49.20525872 -002.19268401
111  49.20525489 -002.19273392
114  49.20525489 -002.19273392  49.20530475 -002.19274272
111  49.20524194 -002.19269062
111  49.20525968 -002.19255925
112  49.20525968 -002.19255925  49.20526208 -002.19253797
114  49.20520886 -002.19256146  49.20520933 -002.19259375
111  49.20527407 -002.19353093
111  49.20525453 -002.19341132
111  49.20525453 -002.19323970
111  49.20529955 -002.19323840
112  49.20529955 -002.19323840  49.20533529 -002.19316612
111  49.20528511 -002.19313700
111  49.20522820 -002.19312659
112  49.20519252 -002.19320720  49.20520082 -002.19325995
111  49.20519252 -002.19320720
113  49.20524859 -002.19353873
111  49.20526141 -002.19360100
111  49.20539479 -002.19431767
112  49.20539479 -002.19431767  49.20544183 -002.19462497
111  49.20562997 -002.19457984
111  49.20574509 -002.19452612
111  49.20568576 -002.19443508
111  49.20566614 -002.19444509
111  49.20568358 -002.19450180
112  49.20541158 -002.19431366  49.20531822 -002.19396983
111  49.20541158 -002.19431366
112  49.20541158 -002.19431366  49.20541720 -002.19425134
111  49.20541028 -002.19413953
111  49.20538804 -002.19401344
111  49.20535187 -002.19385799
113  49.20527733 -002.19359446
111  49.20558032 -002.19406580
111  49.20553854 -002.19384824
111  49.20545442 -002.19352412
112  49.20540916 -002.19354099  49.20537667 -002.19351701
111  49.20540916 -002.19354099
111  49.20548053 -002.19377009
111  49.20553506 -002.19404626
112  49.20555885 -002.19429046  49.20555421 -002.19443165
111  49.20555885 -002.19429046
112  49.20563253 -002.19423718  49.20563949 -002.19404715
113  49.20563253 -002.19423718
111  49.20542222 -002.19340828
111  49.20545030 -002.19321585
111  49.20545796 -002.19317678
111  49.20550902 -002.19319534
111  49.20551987 -002.19311817
112  49.20550774 -002.19309961  49.20549243 -002.19310547
111  49.20550774 -002.19309961
111  49.20545158 -002.19313966
112  49.20536926 -002.19319338  49.20534564 -002.19325688
111  49.20536926 -002.19319338
111  49.20540819 -002.19321585
112  49.20539414 -002.19341121  49.20539861 -002.19350791
113  49.20539414 -002.19341121
111  49.20568100 -002.19370170
111  49.20563952 -002.19344871
111  49.20559165 -002.19345945
113  49.20566441 -002.19370853
111  49.20561386 -002.19338313
112  49.20561386 -002.19338313  49.20563207 -002.19337653
111  49.20562584 -002.19331048
111  49.20561050 -002.19324737
111  49.20559659 -002.19325764
113  49.20557981 -002.19339854
111  49.20579740 -002.19449127
111  49.20587725 -002.19445486
111  49.20583562 -002.19433915
111  49.20580250 -002.19418704
111  49.20577446 -002.19420784
111  49.20577867 -002.19432041
111  49.20573817 -002.19431997
112  49.20572265 -002.19439506  49.20573019 -002.19445455
113  49.20572265 -002.19439506
111  49.20582961 -002.19479887
112  49.20579375 -002.19489897  49.20576052 -002.19491270
111  49.20579375 -002.19489897
111  49.20580271 -002.19493126
112  49.20585546 -002.19480694  49.20585018 -002.19473025
111  49.20585546 -002.19480694
114  49.20585546 -002.19480694  49.20585282 -002.19477465
111  49.20578304 -002.19494778
111  49.20577028 -002.19492114
111  49.20562233 -002.19498063
112  49.20562233 -002.19498063  49.20555909 -002.19500372
111  49.20551790 -002.19492646
112  49.20549876 -002.19495932  49.20550920 -002.19498063
111  49.20549876 -002.19495932
112  49.20562581 -002.19501526  49.20569311 -002.19498774
113  49.20562581 -002.19501526
111  49.20549672 -002.19487635
112  49.20549672 -002.19487635  49.20550631 -002.19477581
111  49.20556145 -002.19474278
111  49.20571344 -002.19467820
112  49.20571344 -002.19467820  49.20579256 -002.19464958
111  49.20581749 -002.19473471
111  49.20583619 -002.19472664
111  49.20583571 -002.19469948
112  49.20570577 -002.19464811  49.20560077 -002.19468407
111  49.20570577 -002.19464811
111  49.20556097 -002.19469948
112  49.20547370 -002.19484332  49.20546795 -002.19492038
111  49.20547370 -002.19484332
113  49.20547946 -002.19486754
111  49.20544733 -002.19476039
112  49.20550918 -002.19467673  49.20553700 -002.19464591
111  49.20550918 -002.19467673
112  49.20550918 -002.19467673  49.20552789 -002.19465251
111  49.20550103 -002.19462609
111  49.20542144 -002.19453363
112  49.20540706 -002.19454170  49.20541377 -002.19457766
113  49.20540706 -002.19454170
111  49.20603893 -002.19486819
112  49.20603893 -002.19476536  49.20605211 -002.19471854
111  49.20603893 -002.19476536
111  49.20609993 -002.19456325
112  49.20600727 -002.19446043  49.20598248 -002.19446769
111  49.20600727 -002.19446043
111  49.20589530 -002.19449707
112  49.20594626 -002.19460108  49.20595312 -002.19465355
111  49.20594626 -002.19460108
111  49.20597175 -002.19478309
112  49.20597175 -002.19478309  49.20597702 -002.19483799
113  49.20595785 -002.19490956
111  49.20677282 -002.19363345
111  49.20680934 -002.19334482
111  49.20678471 -002.19334482
113  49.20675158 -002.19363085
111  49.20651204 -002.19326811
111  49.20659359 -002.19323431
111  49.20658849 -002.19319920
111  49.20664286 -002.19317320
111  49.20663521 -002.19313030
111  49.20668957 -002.19310820
111  49.20664031 -002.19285077
113  49.20644919 -002.19293658
111  49.20648592 -002.19255079
111  49.20649716 -002.19244713
111  49.20643819 -002.19246132
113  49.20645363 -002.19255297
110 1 0.25 0.0000 asphalt_3D.pol
111  49.20670930 -002.20829803
111  49.20671311 -002.20824733
111  49.20672127 -002.20816724
111  49.20664389 -002.20784853
111  49.20666006 -002.20782747
111  49.20717396 -002.20791718
111  49.20702871 -002.20822293
111  49.20701908 -002.20830063
113  49.20701595 -002.20835654
110 1 0.25 0.0000 asphalt_4L.pol
111  49.20834308 -002.20778041
111  49.20832774 -002.20755487
112  49.20832774 -002.20755487  49.20848807 -002.20744160
111  49.20888584 -002.20738811
111  49.20897320 -002.20827068
112  49.20872756 -002.20868758  49.20847163 -002.20872377
111  49.20843977 -002.20841542
111  49.20841099 -002.20817786
112  49.20841099 -002.20817786  49.20839866 -002.20808504
113  49.20831407 -002.20789408
110 1 0.25 0.0000 asphalt_4D.pol
111  49.20379676 -002.19949175
111  49.20378930 -002.20094412
111  49.20354527 -002.20186392
112  49.20354527 -002.20186392  49.20353807 -002.20189254
111  49.20358274 -002.20195597
111  49.20424725 -002.20245267
111  49.20426960 -002.20253752
111  49.20397355 -002.20230493
111  49.20392335 -002.20250940
111  49.20374343 -002.20240185
111  49.20379439 -002.20217729
111  49.20356428 -002.20200355
112  49.20350327 -002.20206856  49.20348697 -002.20213827
111  49.20350327 -002.20206856
111  49.20345385 -002.20235930
112  49.20345385 -002.20235930  49.20344747 -002.20239215
111  49.20348474 -002.20242548
111  49.20372953 -002.20255076
111  49.20380083 -002.20257153
111  49.20380469 -002.20254908
111  49.20383848 -002.20256236
111  49.20383230 -002.20258718
111  49.20393339 -002.20263940
112  49.20393339 -002.20263940  49.20407340 -002.20248676
111  49.20410328 -002.20272095
111  49.20409401 -002.20279186
112  49.20391331 -002.20273159  49.20383516 -002.20244905
111  49.20391331 -002.20273159
111  49.20379685 -002.20266540
111  49.20380589 -002.20262751
111  49.20347547 -002.20245739
112  49.20341601 -002.20253894  49.20340665 -002.20261999
111  49.20341601 -002.20253894
111  49.20335163 -002.20310881
111  49.20351642 -002.20316471
111  49.20348245 -002.20340002
112  49.20370924 -002.20351833  49.20377890 -002.20358983
111  49.20370924 -002.20351833
112  49.20370924 -002.20351833  49.20380183 -002.20361323
111  49.20376615 -002.20376664
111  49.20371349 -002.20396035
112  49.20371349 -002.20396035  49.20369650 -002.20401365
111  49.20374747 -002.20406305
111  49.20384260 -002.20410985
111  49.20438633 -002.20418064
111  49.20482362 -002.20431078
111  49.20534547 -002.20441885
111  49.20573136 -002.20449894
112  49.20573136 -002.20449894  49.20584856 -002.20452380
111  49.20587432 -002.20464624
112  49.20589021 -002.20493942  49.20588702 -002.20512599
111  49.20583602 -002.20555437
111  49.20577098 -002.20621995
112  49.20580798 -002.20689482  49.20586677 -002.20719419
111  49.20580798 -002.20689482
111  49.20588610 -002.20728181
112  49.20597449 -002.20749891  49.20603565 -002.20759121
111  49.20597449 -002.20749891
111  49.20626741 -002.20794725
112  49.20626741 -002.20794725  49.20643392 -002.20820053
111  49.20671311 -002.20824733
111  49.20670930 -002.20829803
111  49.20701595 -002.20835654
111  49.20701908 -002.20830063
111  49.20713402 -002.20831884
111  49.20749757 -002.20822263
112  49.20749757 -002.20822263  49.20757479 -002.20817299
111  49.20761394 -002.20808091
111  49.20770916 -002.20780642
112  49.20770916 -002.20780642  49.20773804 -002.20772191
111  49.20784043 -002.20767404
112  49.20809680 -002.20767995  49.20821657 -002.20773976
111  49.20809680 -002.20767995
111  49.20828100 -002.20777775
111  49.20834308 -002.20778041
111  49.20831407 -002.20789408
111  49.20824793 -002.20783103
111  49.20808084 -002.20773246
111  49.20796459 -002.20771663
111  49.20776356 -002.20779478
111  49.20762188 -002.20819430
112  49.20753190 -002.20828222  49.20747475 -002.20829758
111  49.20753190 -002.20828222
111  49.20702697 -002.20843690
111  49.20696051 -002.20843932
111  49.20672422 -002.20839169
111  49.20643888 -002.20820844
111  49.20629015 -002.20807120
111  49.20591163 -002.20750907
112  49.20591163 -002.20750907  49.20588445 -002.20747007
111  49.20585292 -002.20734302
112  49.20573351 -002.20677038  49.20569393 -002.20651082
111  49.20573042 -002.20618990
112  49.20585768 -002.20495482  49.20586279 -002.20486496
111  49.20584555 -002.20472137
112  49.20571664 -002.20454750  49.20559944 -002.20452619
111  49.20571664 -002.20454750
111  49.20481338 -002.20436999
111  49.20437471 -002.20424021
111  49.20413615 -002.20421252
111  49.20382972 -002.20416488
111  49.20354601 -002.20408817
112  49.20333620 -002.20383856  49.20326910 -002.20365786
111  49.20326230 -002.20338485
111  49.20339142 -002.20227591
111  49.20342200 -002.20205360
111  49.20347976 -002.20187679
111  49.20358254 -002.20149328
111  49.20363181 -002.20131777
111  49.20373343 -002.20089703
111  49.20374692 -002.19944877
113  49.20379747 -002.19944877
111  49.20367715 -002.20394432
111  49.20373053 -002.20375341
112  49.20373053 -002.20375341  49.20375026 -002.20368326
111  49.20370094 -002.20357848
112  49.20361275 -002.20350745  49.20355474 -002.20348169
111  49.20361275 -002.20350745
111  49.20343406 -002.20344529
111  49.20334181 -002.20342487
112  49.20334181 -002.20342487  49.20338417 -002.20381024
114  49.20355126 -002.20396918  49.20362516 -002.20403028
110 1 0.25 10.0000 asphalt_3D.pol
111  49.20354354 -002.19686730
111  49.20351522 -002.19687794
111  49.20350798 -002.19677371
111  49.20362510 -002.19673555
111  49.20368364 -002.19671662
113  49.20369785 -002.19681009
110 1 0.25 0.0000 asphalt_2D.pol
111  49.20243773 -002.19341989
111  49.20244159 -002.19320598
112  49.20251186 -002.19327689  49.20254632 -002.19327591
111  49.20251186 -002.19327689
111  49.20281835 -002.19326538
112  49.20281835 -002.19326538  49.20283884 -002.19326471
111  49.20284068 -002.19319975
111  49.20288088 -002.19320268
112  49.20290413 -002.19325270  49.20292374 -002.19325270
111  49.20290413 -002.19325270
111  49.20294792 -002.19325163
111  49.20294524 -002.19332600
111  49.20249988 -002.19335212
114  49.20249988 -002.19335212  49.20246925 -002.19335505
110 1 0.25 20.0000 asphalt_5L.pol
111  49.20312457 -002.19074568
111  49.20310224 -002.19080915
111  49.20288111 -002.19101759
111  49.20279476 -002.19092519
111  49.20302502 -002.19039980
111  49.20331762 -002.19014411
113  49.20344040 -002.19042658
110 1 0.25 110.0000 asphalt_3D.pol
111  49.20353439 -002.19411081
112  49.20355064 -002.19405309  49.20354744 -002.19403840
111  49.20355064 -002.19405309
111  49.20343345 -002.19340559
111  49.20349917 -002.19340360
111  49.20358951 -002.19395808
112  49.20358951 -002.19395808  49.20360212 -002.19402424
113  49.20366900 -002.19405459
110 2 0.25 2.0000 concrete_1D.pol
111  49.20691725 -002.18278285
111  49.20686248 -002.18278647
111  49.20683399 -002.18282924
111  49.20683018 -002.18268996
111  49.20685371 -002.18264994
111  49.20690798 -002.18264128
111  49.20693963 -002.18268282
113  49.20694528 -002.18282575
110 1 0.25 0.0000 asphalt_2D.pol
111  49.20645363 -002.19255321
111  49.20643819 -002.19246155
111  49.20649716 -002.19244737
113  49.20648592 -002.19255103
110 1 0.25 0.0000 asphalt_2D.pol
111  49.20651204 -002.19326834
111  49.20644919 -002.19293681
111  49.20664031 -002.19285100
111  49.20668957 -002.19310843
111  49.20663521 -002.19313053
111  49.20664286 -002.19317343
111  49.20658849 -002.19319944
113  49.20659359 -002.19323454
110 1 0.25 0.0000 asphalt_4D.pol
111  49.20675158 -002.19363108
111  49.20678471 -002.19334505
111  49.20680934 -002.19334505
113  49.20677282 -002.19363368
110 2 0.25 263.0000 concrete_3D.pol
111  49.20656745 -002.19628664
112  49.20656745 -002.19628664  49.20667710 -002.19618008
111  49.20678128 -002.19581186
111  49.20682717 -002.19538347
111  49.20695154 -002.19431559
112  49.20695154 -002.19431559  49.20699367 -002.19392174
111  49.20691547 -002.19347804
111  49.20668188 -002.19222349
112  49.20668188 -002.19222349  49.20660788 -002.19180660
111  49.20665928 -002.19135371
111  49.20686199 -002.19139939
112  49.20689361 -002.19220672  49.20697070 -002.19262203
111  49.20713596 -002.19350960
112  49.20716200 -002.19435265  49.20712287 -002.19475111
111  49.20716200 -002.19435265
111  49.20702005 -002.19565572
112  49.20702005 -002.19565572  49.20700306 -002.19580654
111  49.20713077 -002.19597151
111  49.20709874 -002.19639688
112  49.20690021 -002.19645174  49.20686623 -002.19654665
111  49.20690021 -002.19645174
112  49.20690021 -002.19645174  49.20684924 -002.19645304
113  49.20663111 -002.19661954
110 1 0.25 280.0000 asphalt_5D.pol
111  49.20682864 -002.18440591
112  49.20672689 -002.18452531  49.20674587 -002.18466497
111  49.20672689 -002.18452531
111  49.20691004 -002.18582490
112  49.20691496 -002.18597211  49.20690799 -002.18605558
111  49.20691496 -002.18597211
111  49.20645099 -002.19155042
111  49.20644742 -002.19164812
111  49.20641422 -002.19163867
111  49.20642473 -002.19150905
111  49.20680666 -002.18674283
112  49.20680666 -002.18674283  49.20681649 -002.18660530
111  49.20667779 -002.18659669
111  49.20668995 -002.18671033
111  49.20665037 -002.18672203
111  49.20664442 -002.18665572
112  49.20664442 -002.18665572  49.20663951 -002.18660092
111  49.20658836 -002.18660372
111  49.20657307 -002.18648540
111  49.20676844 -002.18651791
112  49.20676844 -002.18651791  49.20681477 -002.18651576
111  49.20683469 -002.18642690
111  49.20687377 -002.18598225
112  49.20687377 -002.18598225  49.20687899 -002.18591654
111  49.20686358 -002.18581973
111  49.20676121 -002.18506903
111  49.20645840 -002.18517877
111  49.20642527 -002.18491224
111  49.20672431 -002.18481073
111  49.20668134 -002.18445983
111  49.20656797 -002.18448710
111  49.20643163 -002.18325635
111  49.20657902 -002.18321817
111  49.20667091 -002.18401018
113  49.20669385 -002.18427021
110 1 0.25 340.0000 asphalt_3D.pol
111  49.20257773 -002.19106201
111  49.20262124 -002.19091017
111  49.20264851 -002.19097055
111  49.20284577 -002.19113837
111  49.20293976 -002.19125203
111  49.20296122 -002.19125203
111  49.20296644 -002.19113837
112  49.20296644 -002.19113837  49.20305637 -002.19088619
111  49.20313701 -002.19107177
111  49.20317240 -002.19102116
111  49.20333195 -002.19132306
111  49.20329656 -002.19137368
112  49.20331629 -002.19149000  49.20331281 -002.19156281
111  49.20331629 -002.19149000
111  49.20335133 -002.19149302
111  49.20335802 -002.19153387
111  49.20336624 -002.19164398
111  49.20298660 -002.19166004
112  49.20290378 -002.19129376  49.20284751 -002.19120408
113  49.20264213 -002.19105313
111  49.20318325 -002.19131034
111  49.20314838 -002.19132126
111  49.20314124 -002.19128790
111  49.20312579 -002.19129396
111  49.20310796 -002.19122119
111  49.20308458 -002.19123089
111  49.20305327 -002.19113628
111  49.20309449 -002.19111626
112  49.20306992 -002.19109989  49.20305407 -002.19110717
111  49.20306992 -002.19109989
111  49.20302672 -002.19112051
112  49.20303267 -002.19116539  49.20305129 -002.19117146
111  49.20303267 -002.19116539
111  49.20306278 -002.19117752
111  49.20306912 -002.19135097
111  49.20308577 -002.19136129
111  49.20307982 -002.19139828
112  49.20307982 -002.19139828  49.20307745 -002.19141102
111  49.20309766 -002.19140435
111  49.20309647 -002.19135825
111  49.20316819 -002.19135401
111  49.20316978 -002.19138251
112  49.20319870 -002.19136674  49.20320940 -002.19133339
111  49.20319870 -002.19136674
114  49.20319870 -002.19136674  49.20320425 -002.19134916
110 1 0.25 30.0000 asphalt_4D.pol
111  49.20376600 -002.19117347
111  49.20378498 -002.19122242
111  49.20354714 -002.19144263
111  49.20345463 -002.19153229
111  49.20335802 -002.19153387
111  49.20334697 -002.19146425
112  49.20334697 -002.19146425  49.20337756 -002.19140452
111  49.20334465 -002.19132716
111  49.20312457 -002.19074568
111  49.20344040 -002.19042658
111  49.20331762 -002.19014411
111  49.20361449 -002.18988262
111  49.20367193 -002.19002913
111  49.20385509 -002.18985624
111  49.20389785 -002.18995783
112  49.20394699 -002.18983573  49.20394488 -002.18977115
111  49.20394699 -002.18983573
111  49.20391125 -002.18973903
111  49.20407143 -002.18973903
111  49.20401208 -002.18980350
111  49.20400506 -002.18983769
112  49.20400506 -002.18983769  49.20402194 -002.18989500
112  49.20403889 -002.18988652  49.20405471 -002.18987441
111  49.20403889 -002.18988652
111  49.20411355 -002.18981913
112  49.20411355 -002.18981913  49.20414520 -002.18979087
111  49.20415312 -002.18984159
111  49.20418822 -002.18980838
111  49.20431011 -002.19010727
111  49.20441094 -002.19037329
111  49.20455263 -002.19025086
113  49.20460983 -002.19040750
110 1 0.25 102.0000 asphalt_5D.pol
111  49.20685543 -002.18595105
111  49.20681329 -002.18641985
112  49.20675985 -002.18648278  49.20672411 -002.18648278
111  49.20675985 -002.18648278
111  49.20666631 -002.18646705
111  49.20658618 -002.18643119
111  49.20653698 -002.18615666
111  49.20646783 -002.18565039
111  49.20643420 -002.18566040
111  49.20640838 -002.18548638
111  49.20644541 -002.18547163
111  49.20632020 -002.18453632
111  49.20637239 -002.18452202
111  49.20639869 -002.18472652
112  49.20639869 -002.18472652  49.20641209 -002.18476267
111  49.20644354 -002.18474369
111  49.20650900 -002.18472469
111  49.20652798 -002.18468191
111  49.20657704 -002.18449865
111  49.20667303 -002.18447201
111  49.20669518 -002.18464396
112  49.20664824 -002.18475295  49.20661314 -002.18476369
111  49.20664824 -002.18475295
111  49.20648632 -002.18479735
112  49.20641986 -002.18495638  49.20643773 -002.18507457
111  49.20641986 -002.18495638
111  49.20645775 -002.18520335
111  49.20667474 -002.18512227
113  49.20677685 -002.18587148
110 1 0.25 0.0000 asphalt_4D.pol
111  49.20720370 -002.18482767
111  49.20718482 -002.18476296
111  49.20669385 -002.18427021
111  49.20667091 -002.18401018
112  49.20672783 -002.18411549  49.20677556 -002.18416492
111  49.20672783 -002.18411549
111  49.20690196 -002.18429361
111  49.20693084 -002.18427151
111  49.20686289 -002.18287906
111  49.20683399 -002.18282924
111  49.20686248 -002.18278647
111  49.20691725 -002.18278285
111  49.20694528 -002.18282575
111  49.20691555 -002.18286606
111  49.20698266 -002.18431051
112  49.20698266 -002.18431051  49.20698687 -002.18437391
111  49.20700984 -002.18441062
111  49.20719331 -002.18460174
113  49.20722933 -002.18454965
110 2 0.25 15.0000 concrete_2L.pol
111  49.20457292 -002.19348967
111  49.20446071 -002.19285986
111  49.20461020 -002.19278772
111  49.20473473 -002.19281060
111  49.20471896 -002.19302609
111  49.20478739 -002.19337901
111  49.20475518 -002.19346421
113  49.20474672 -002.19341497
110 1 0.25 10.0000 asphalt_3L.pol
111  49.20425916 -002.19362209
111  49.20457292 -002.19348953
111  49.20474672 -002.19341484
111  49.20480262 -002.19373324
111  49.20457078 -002.19383422
113  49.20432157 -002.19394287
110 2 0.25 3500.0000 concrete_1D.pol
111  49.20481935 -002.19203327
111  49.20484695 -002.19204329
112  49.20485764 -002.19221202  49.20487250 -002.19229275
111  49.20485764 -002.19221202
111  49.20495033 -002.19271433
113  49.20473473 -002.19281060
110 2 0.25 351.0000 concrete_4D.pol
111  49.20491530 -002.19116612
111  49.20473473 -002.19281060
111  49.20461020 -002.19278772
111  49.20446071 -002.19285986
111  49.20454098 -002.19206049
113  49.20460595 -002.19144714
110 2 0.25 352.0000 concrete_4D.pol
111  49.20387222 -002.19396949
112  49.20387752 -002.19361688  49.20389086 -002.19348812
111  49.20387752 -002.19361688
111  49.20392048 -002.19318883
111  49.20390805 -002.19318574
111  49.20390894 -002.19316343
112  49.20370158 -002.19307711  49.20354423 -002.19312448
111  49.20370158 -002.19307711
111  49.20369835 -002.19286596
111  49.20394491 -002.19293256
111  49.20398814 -002.19249738
111  49.20397602 -002.19249487
111  49.20398453 -002.19241718
112  49.20391052 -002.19227082  49.20387882 -002.19226900
111  49.20391052 -002.19227082
111  49.20378116 -002.19226481
112  49.20370060 -002.19237909  49.20370256 -002.19245177
111  49.20370060 -002.19237909
111  49.20370092 -002.19241568
111  49.20369148 -002.19241634
111  49.20368422 -002.19193911
111  49.20369422 -002.19193881
111  49.20369422 -002.19197330
112  49.20369422 -002.19197330  49.20369422 -002.19202662
111  49.20376114 -002.19208191
111  49.20380979 -002.19208309
111  49.20380979 -002.19210082
111  49.20402600 -002.19211145
111  49.20404377 -002.19191171
111  49.20419203 -002.19201808
111  49.20419203 -002.19202872
111  49.20425226 -002.19206063
111  49.20426307 -002.19210673
111  49.20418894 -002.19213391
111  49.20404220 -002.19363367
112  49.20404220 -002.19363367  49.20403176 -002.19374201
113  49.20403371 -002.19390196
110 1 0.25 0.0000 asphalt_3L.pol
111  49.20370645 -002.19339635
111  49.20339399 -002.19340737
111  49.20340016 -002.19367793
111  49.20327888 -002.19372512
111  49.20328196 -002.19377232
111  49.20294689 -002.19378489
111  49.20294381 -002.19335703
111  49.20294792 -002.19325163
111  49.20299417 -002.19324691
111  49.20299623 -002.19317141
111  49.20293662 -002.19317927
111  49.20290681 -002.19166286
111  49.20336624 -002.19164398
111  49.20335802 -002.19153387
111  49.20345463 -002.19153229
111  49.20354714 -002.19144263
113  49.20367972 -002.19163926
110 2 0.25 15.0000 concrete_1D.pol
111  49.20383622 -002.19691416
112  49.20369785 -002.19681009  49.20357357 -002.19685419
111  49.20369785 -002.19681009
111  49.20368364 -002.19671662
111  49.20362510 -002.19673555
112  49.20362510 -002.19673555  49.20368839 -002.19663648
111  49.20366147 -002.19655027
111  49.20362892 -002.19651413
111  49.20359382 -002.19631389
111  49.20360531 -002.19624161
111  49.20358563 -002.19612637
111  49.20323893 -002.19423374
111  49.20429222 -002.19379397
111  49.20432157 -002.19394287
111  49.20455180 -002.19522652
111  49.20390737 -002.19598160
111  49.20379122 -002.19602880
111  49.20390017 -002.19665803
113  49.20394518 -002.19695932
110 2 0.25 285.0000 concrete_4D.pol
111  49.20394518 -002.19695932
111  49.20390017 -002.19665803
111  49.20379122 -002.19602880
111  49.20390737 -002.19598160
111  49.20455180 -002.19522652
111  49.20432157 -002.19394287
111  49.20462893 -002.19380854
111  49.20479020 -002.19478524
111  49.20489056 -002.19473295
111  49.20518710 -002.19605852
111  49.20528269 -002.19670507
111  49.20423329 -002.19687497
111  49.20406987 -002.19694576
111  49.20400666 -002.19697266
113  49.20400323 -002.19693727
110 2 0.25 263.0000 concrete_2D.pol
111  49.20368156 -002.19891540
111  49.20383622 -002.19695590
111  49.20383622 -002.19691416
111  49.20394518 -002.19695932
111  49.20400323 -002.19693727
111  49.20400666 -002.19697266
111  49.20406987 -002.19694576
111  49.20408626 -002.19705069
111  49.20407944 -002.19714499
111  49.20409382 -002.19714572
111  49.20408231 -002.19730937
111  49.20411420 -002.19731451
111  49.20411098 -002.19739983
111  49.20415415 -002.19740612
111  49.20414285 -002.19759803
111  49.20418252 -002.19760364
111  49.20408919 -002.19896054
111  49.20386873 -002.19891474
113  49.20386657 -002.19894829
110 2 0.25 263.0000 concrete_1D.pol
111  49.20519919 -002.19962091
111  49.20520004 -002.19952080
111  49.20497070 -002.19948960
111  49.20502421 -002.19981072
112  49.20484634 -002.19967030  49.20470710 -002.19964850
111  49.20484634 -002.19967030
111  49.20379677 -002.19949672
111  49.20379748 -002.19945374
111  49.20374693 -002.19945374
111  49.20373219 -002.19931406
111  49.20366058 -002.19929472
111  49.20368157 -002.19892092
111  49.20386658 -002.19895381
111  49.20386873 -002.19892026
111  49.20408920 -002.19896607
111  49.20418253 -002.19760916
111  49.20414286 -002.19760356
111  49.20415416 -002.19741164
111  49.20411099 -002.19740535
111  49.20411420 -002.19732003
111  49.20408232 -002.19731489
111  49.20409383 -002.19715124
111  49.20407944 -002.19715051
111  49.20408627 -002.19705566
111  49.20406988 -002.19695073
111  49.20423330 -002.19687994
111  49.20528270 -002.19671004
111  49.20518711 -002.19606349
111  49.20682718 -002.19538844
111  49.20678129 -002.19581683
112  49.20656746 -002.19629161  49.20645780 -002.19639817
111  49.20656746 -002.19629161
111  49.20663112 -002.19662451
111  49.20626804 -002.19700696
111  49.20620056 -002.19719997
111  49.20606470 -002.19915816
111  49.20578165 -002.19949040
111  49.20538501 -002.19942540
111  49.20534298 -002.19999049
113  49.20527734 -002.20001744
130 Airport Boundary 64
111  49.20879010 -002.20160306
111  49.20889139 -002.20227616
111  49.20879954 -002.20301583
111  49.20908836 -002.20451552
111  49.20912836 -002.20569613
111  49.20903424 -002.20667526
111  49.20905079 -002.20823403
111  49.20908565 -002.20863272
111  49.20892101 -002.20897263
111  49.20855168 -002.20882395
111  49.20829506 -002.20833520
111  49.20802638 -002.20794906
111  49.20771148 -002.20850905
111  49.20699149 -002.20866506
111  49.20656601 -002.20858485
111  49.20610617 -002.20823822
111  49.20568233 -002.20822084
111  49.20549906 -002.20807961
111  49.20549438 -002.20703182
111  49.20559322 -002.20621735
111  49.20581810 -002.20504624
111  49.20582797 -002.20477567
111  49.20515182 -002.20472611
111  49.20467893 -002.20481807
111  49.20412294 -002.20472352
111  49.20390055 -002.20472352
111  49.20312325 -002.20507755
111  49.20335465 -002.20421379
111  49.20311674 -002.20415547
111  49.20327263 -002.20338096
111  49.20339943 -002.20205212
111  49.20309415 -002.20037311
111  49.20302578 -002.19955197
111  49.20334590 -002.19929820
111  49.20359690 -002.19895702
111  49.20354474 -002.19805337
111  49.20308406 -002.19791997
111  49.20307686 -002.19754967
111  49.20316828 -002.19678917
111  49.20290147 -002.19628115
111  49.20229055 -002.19544567
111  49.20252548 -002.19492129
111  49.20258092 -002.19307496
111  49.20262710 -002.19138775
111  49.20288210 -002.19052687
111  49.20345519 -002.18995624
111  49.20403012 -002.18986395
111  49.20457515 -002.18997679
111  49.20511878 -002.19014951
111  49.20557176 -002.19022751
111  49.20593828 -002.19004994
111  49.20637160 -002.19001212
111  49.20651079 -002.18943850
111  49.20670765 -002.18745557
111  49.20657833 -002.18614821
111  49.20633123 -002.18436949
111  49.20623156 -002.18311767
111  49.20627193 -002.18199188
111  49.20660547 -002.18169190
111  49.20712442 -002.18173217
111  49.20786656 -002.18142211
111  49.20854775 -002.18095660
111  49.20859224 -002.17916517
111  49.20871168 -002.17887016
111  49.20848763 -002.17767378
111  49.20917707 -002.17746814
111  49.20957958 -002.17815538
111  49.21086892 -002.18002750
111  49.21087796 -002.18042584
111  49.21046779 -002.18048764
111  49.21060946 -002.18250979
111  49.21085902 -002.18252617
111  49.21090436 -002.18324607
111  49.21088127 -002.18349064
111  49.21090847 -002.18362930
111  49.21027835 -002.18411971
111  49.21031376 -002.18435419
111  49.21017126 -002.18604102
111  49.21006255 -002.18623012
111  49.21014327 -002.18649487
111  49.21027176 -002.18638896
111  49.21078902 -002.18764967
111  49.20991263 -002.18852209
111  49.20952057 -002.18929362
111  49.20971660 -002.19108007
111  49.20978248 -002.19284004
111  49.20975694 -002.19462647
111  49.20957162 -002.19480299
111  49.20947277 -002.19476137
111  49.20931050 -002.19488995
113  49.20929980 -002.19517488
120 Linear Feature 7
111  49.20635035 -002.19496308 3
111  49.20633771 -002.19492893 3
112  49.20619561 -002.19498398  49.20609600 -002.19495444
111  49.20619561 -002.19498398 3
111  49.20604967 -002.19493576 3
111  49.20594128 -002.19498569 3
111  49.20593218 -002.19509573 3
112  49.20576725 -002.19523166  49.20565192 -002.19520093
111  49.20576725 -002.19523166 3
111  49.20572316 -002.19518706 3
112  49.20559209 -002.19517139  49.20549369 -002.19518645 3
115  49.20543543 -002.19510693
120 Linear Feature 3
112  49.20581792 -002.19294952  49.20581561 -002.19284455 22
111  49.20579351 -002.19271898 22
112  49.20579282 -002.19256423  49.20580261 -002.19246985
111  49.20579282 -002.19256423 22
111  49.20584721 -002.19200283 22
111  49.20601443 -002.19144050 22
115  49.20601456 -002.19124399
120 Linear Feature 2
111  49.20602863 -002.19377144 20
111  49.20598691 -002.19381120 20
111  49.20603178 -002.19406484 20
111  49.20608610 -002.19425100 20
115  49.20612555 -002.19420648
120 Linear Feature 11
111  49.20578304 -002.19494801 3
111  49.20562581 -002.19501549
112  49.20562581 -002.19501549  49.20555851 -002.19504302 3
111  49.20549876 -002.19495955
112  49.20549876 -002.19495955  49.20548831 -002.19493824 21
112  49.20547653 -002.19487296  49.20546455 -002.19482564 21
111  49.20544733 -002.19476063 20
112  49.20550918 -002.19467696  49.20553699 -002.19464614
111  49.20550918 -002.19467696
112  49.20550918 -002.19467696  49.20552907 -002.19465208 20
111  49.20557687 -002.19464513 20
111  49.20550103 -002.19462633
111  49.20570754 -002.19464597 22
112  49.20557687 -002.19464513  49.20554241 -002.19463883
111  49.20557687 -002.19464513
111  49.20579740 -002.19449150 22
111  49.20587709 -002.19459319
112  49.20587709 -002.19459319  49.20592150 -002.19466247 20
112  49.20593498 -002.19478052  49.20593781 -002.19485587 20
111  49.20591292 -002.19491553
111  49.20603893 -002.19486842 2
111  49.20610288 -002.19485113 2
111  49.20622902 -002.19486598
112  49.20622902 -002.19486598  49.20630651 -002.19486026 22
111  49.20630301 -002.19475923
112  49.20630301 -002.19475923  49.20629803 -002.19459681 22
111  49.20626844 -002.19453739
112  49.20626844 -002.19453739  49.20619637 -002.19432881 22
115  49.20611016 -002.19437310
120 Linear Feature 10
111  49.20583758 -002.19133164 20
111  49.20552271 -002.19146984 20
111  49.20511821 -002.19164620
112  49.20511821 -002.19164620  49.20488206 -002.19189329 20
111  49.20496599 -002.19216878 20
111  49.20501330 -002.19243053 20
111  49.20511605 -002.19297958 22
111  49.20514417 -002.19312979 20
111  49.20516706 -002.19326072 20
111  49.20511715 -002.19314835 22
111  49.20498649 -002.19244207
111  49.20501330 -002.19243053 20
111  49.20493687 -002.19216024 20
116  49.20511821 -002.19164620  49.20538240 -002.19143678
120 Linear Feature 9
111  49.20513968 -002.19343818 22
111  49.20490493 -002.19216862
112  49.20490493 -002.19216862  49.20485246 -002.19177328 22
111  49.20507929 -002.19162076 20
111  49.20554533 -002.19140893 22
111  49.20575666 -002.19132470
112  49.20575666 -002.19132470  49.20589550 -002.19126787 20
111  49.20597974 -002.19106862 20
111  49.20619694 -002.19060139
111  49.20620509 -002.19076079 20
111  49.20608562 -002.19102348 20
111  49.20617537 -002.19073851 22
111  49.20599708 -002.19113579 20
112  49.20583758 -002.19133164  49.20574190 -002.19140962
111  49.20583758 -002.19133164
112  49.20583758 -002.19133164  49.20597261 -002.19126508 20
111  49.20603710 -002.19112372 20
115  49.20608562 -002.19102348
120 Linear Feature 8
112  49.20605889 -002.19114177  49.20597362 -002.19136384 21
111  49.20579672 -002.19140327 20
111  49.20551241 -002.19151994 20
111  49.20539212 -002.19157518 20
111  49.20514445 -002.19168580
112  49.20514445 -002.19168580  49.20498027 -002.19175773 20
111  49.20498476 -002.19209533 20
111  49.20514615 -002.19297029
111  49.20519252 -002.19320743 20
111  49.20524859 -002.19353896
111  49.20526141 -002.19360123 20
111  49.20539479 -002.19431790
112  49.20539479 -002.19431790  49.20544183 -002.19462520 20
111  49.20562997 -002.19458008 22
112  49.20580594 -002.19457994  49.20588062 -002.19460526
111  49.20580594 -002.19457994
112  49.20580594 -002.19457994  49.20600642 -002.19481391 22
111  49.20581947 -002.19498421 22
111  49.20560847 -002.19507934
112  49.20560847 -002.19507934  49.20549035 -002.19513124 22
111  49.20544307 -002.19493895 22
111  49.20514344 -002.19331662
111  49.20516706 -002.19326072 20
111  49.20538348 -002.19442890 20
111  49.20540706 -002.19454193
111  49.20542144 -002.19453386
112  49.20542144 -002.19453386  49.20539650 -002.19448923 20
115  49.20538348 -002.19442890
120 Linear Feature 1
111  49.20698016 -002.18455738 6
115  49.20703662 -002.18443840
120 Linear Feature 13
111  49.20388672 -002.19947951 20
111  49.20390167 -002.19925216 20
111  49.20371256 -002.19921680 20
111  49.20390964 -002.19672233
112  49.20390964 -002.19672233  49.20391529 -002.19665432 20
111  49.20387161 -002.19659572 20
111  49.20412606 -002.19648537
111  49.20411579 -002.19642795 20
111  49.20383273 -002.19654789 20
111  49.20374333 -002.19646215 20
111  49.20371343 -002.19629159 20
111  49.20376305 -002.19613971 20
111  49.20404264 -002.19601815
111  49.20403215 -002.19595980 20
111  49.20375191 -002.19608315 20
111  49.20366153 -002.19599497 20
111  49.20363103 -002.19582495 20
111  49.20367885 -002.19567453 20
111  49.20395966 -002.19555314
111  49.20394858 -002.19549138 20
111  49.20366723 -002.19561466 20
111  49.20357617 -002.19552611 20
111  49.20354297 -002.19535583 20
111  49.20359295 -002.19520180 20
111  49.20387600 -002.19508480
111  49.20386532 -002.19502483 20
111  49.20358178 -002.19514370 20
111  49.20348817 -002.19505304 20
111  49.20345586 -002.19488251 20
111  49.20350515 -002.19473543 20
111  49.20379191 -002.19461434
111  49.20378114 -002.19455348 20
111  49.20349479 -002.19467394 20
111  49.20339828 -002.19458518 20
111  49.20336929 -002.19441211 20
111  49.20342868 -002.19428030 20
115  49.20371118 -002.19417322
120 Linear Feature 12
111  49.20366900 -002.19405459 21
111  49.20418400 -002.19383953
111  49.20416114 -002.19400793 21
111  49.20371118 -002.19417322 20
111  49.20417719 -002.19677184 20
111  49.20404198 -002.19867077
112  49.20404198 -002.19867077  49.20400969 -002.19922917 20
112  49.20450896 -002.19946660  49.20466314 -002.19946783
111  49.20450896 -002.19946660 20
111  49.20479298 -002.19951406
112  49.20479298 -002.19951406  49.20480841 -002.19951549 20
111  49.20481062 -002.19955203 20
115  49.20483221 -002.19966283
120 Linear Feature 7
111  49.20604082 -002.19187203 20
111  49.20606287 -002.19229479
112  49.20606287 -002.19229479  49.20607447 -002.19249196 20
111  49.20620621 -002.19255723
111  49.20623764 -002.19252516 20
111  49.20644383 -002.19245524
112  49.20644383 -002.19245524  49.20649990 -002.19243451 20
111  49.20639937 -002.19163584
111  49.20621382 -002.19168352 20
111  49.20623745 -002.19191616 20
111  49.20642611 -002.19189887
111  49.20631541 -002.19261097 2
111  49.20645542 -002.19255870
112  49.20645542 -002.19255870  49.20651944 -002.19253471 2
111  49.20654614 -002.19264136
111  49.20654104 -002.19332796 20
111  49.20662374 -002.19377014 20
111  49.20654545 -002.19380465
111  49.20666114 -002.19389451 20
111  49.20638220 -002.19401718 20
111  49.20645186 -002.19447767 20
115  49.20661567 -002.19440859
120 Ramp lines north
111  49.20485868 -002.19867068 20
112  49.20557689 -002.19879035  49.20561224 -002.19879623 20
112  49.20563110 -002.19874093  49.20563417 -002.19871270 20
111  49.20566045 -002.19834158 32
111  49.20537893 -002.19829461 32
111  49.20530895 -002.19841995 32
111  49.20526109 -002.19841162 32
111  49.20525239 -002.19852940 32
111  49.20524649 -002.19860889 32
111  49.20532758 -002.19874962
111  49.20566765 -002.19827915 20
111  49.20569981 -002.19783402 32
111  49.20544508 -002.19778380 32
111  49.20531410 -002.19790916 32
111  49.20530241 -002.19806254 32
111  49.20541415 -002.19823412 32
111  49.20566765 -002.19827915
111  49.20570650 -002.19774967 20
111  49.20573864 -002.19728009 32
111  49.20548173 -002.19722491 32
111  49.20540015 -002.19735213 32
111  49.20535164 -002.19734405 32
111  49.20533891 -002.19753228 32
111  49.20545062 -002.19770381 32
111  49.20570650 -002.19774967
111  49.20548707 -002.19715032 32
111  49.20574533 -002.19720748 20
111  49.20577096 -002.19680821 32
111  49.20565028 -002.19672653 32
111  49.20550231 -002.19669590 32
111  49.20542484 -002.19683130 32
111  49.20538656 -002.19682272 32
111  49.20537318 -002.19700385 32
111  49.20548707 -002.19715032
111  49.20581826 -002.19668383 20
111  49.20588740 -002.19639423 32
111  49.20576065 -002.19615382 32
111  49.20561571 -002.19607678 32
111  49.20548229 -002.19608421 32
111  49.20542226 -002.19633854 32
111  49.20549806 -002.19657152 32
111  49.20566301 -002.19666063 32
111  49.20581826 -002.19668383
111  49.20576215 -002.19693770 20
112  49.20596633 -002.19644135  49.20602875 -002.19638240 20
112  49.20640131 -002.19604185  49.20643584 -002.19600729 20
112  49.20647105 -002.19591973  49.20648699 -002.19586282 20
111  49.20661567 -002.19440859 20
112  49.20668019 -002.19345728  49.20667859 -002.19332331 20
115  49.20654641 -002.19264187
120 Ramp lines south
111  49.20430071 -002.19328438 20
111  49.20425811 -002.19378091 20
111  49.20452584 -002.19367141
111  49.20429222 -002.19379397
111  49.20418594 -002.19383848
111  49.20471969 -002.19465749 20
111  49.20457137 -002.19472459
111  49.20442971 -002.19385231
111  49.20426371 -002.19392196 20
111  49.20428948 -002.19432341 20
111  49.20439723 -002.19489986 20
111  49.20466745 -002.19478975
111  49.20484814 -002.19483237 20
111  49.20477585 -002.19486291
111  49.20457137 -002.19472459
111  49.20442971 -002.19385231
111  49.20440875 -002.19496344 32
111  49.20466100 -002.19485477 32
111  49.20478115 -002.19494670 32
111  49.20481676 -002.19513560 32
111  49.20474247 -002.19531007 32
111  49.20448707 -002.19541320 20
111  49.20440875 -002.19496344
111  49.20475309 -002.19537151 32
111  49.20487615 -002.19546804 32
111  49.20491038 -002.19565456 32
111  49.20483747 -002.19582432 32
111  49.20457305 -002.19592495 20
111  49.20449595 -002.19547737 32
111  49.20475309 -002.19537151
111  49.20458428 -002.19599581 32
111  49.20484604 -002.19588696 32
111  49.20496958 -002.19597936 32
111  49.20500444 -002.19616893 32
111  49.20492757 -002.19634517 32
111  49.20472991 -002.19641736 32
111  49.20466972 -002.19643695 20
111  49.20458428 -002.19599581
111  49.20496876 -002.19646116 32
111  49.20507189 -002.19661014 32
111  49.20507811 -002.19678385 32
111  49.20498822 -002.19695185 32
111  49.20474798 -002.19696897 32
111  49.20469424 -002.19696849 20
111  49.20470526 -002.19682886 20
111  49.20469589 -002.19662092 20
111  49.20468231 -002.19650988 32
111  49.20474228 -002.19649506 32
111  49.20496876 -002.19646116
111  49.20469554 -002.19702329 32
111  49.20476754 -002.19702635 32
111  49.20496346 -002.19705704 32
111  49.20505185 -002.19722719 32
111  49.20503773 -002.19741479 32
111  49.20492428 -002.19755077 32
111  49.20465863 -002.19750126 20
111  49.20469554 -002.19702329
111  49.20492134 -002.19761003 32
111  49.20501105 -002.19777189 32
111  49.20499702 -002.19796597 32
111  49.20488726 -002.19809637 32
111  49.20461724 -002.19804818 20
111  49.20465574 -002.19756386 32
111  49.20492134 -002.19761003
111  49.20461427 -002.19815406 32
111  49.20489803 -002.19819202 32
111  49.20501414 -002.19836662 32
111  49.20500229 -002.19855142 32
111  49.20485868 -002.19867068 20
112  49.20461975 -002.19864054  49.20460222 -002.19863810 20
112  49.20458229 -002.19856579  49.20458229 -002.19852676 20
115  49.20461427 -002.19815406
120 Apron road 1
111  49.20644742 -002.19164812 21
111  49.20652865 -002.19209191 21
112  49.20675894 -002.19345947  49.20676321 -002.19358527 21
112  49.20654898 -002.19599664  49.20653172 -002.19604339 21
112  49.20645785 -002.19616265  49.20638900 -002.19622587 21
112  49.20602737 -002.19654751  49.20599019 -002.19659223 21
112  49.20584739 -002.19698799  49.20583942 -002.19708556 21
112  49.20570911 -002.19886862  49.20570681 -002.19891779 21
112  49.20565971 -002.19893389  49.20564357 -002.19893154 21
112  49.20458162 -002.19876828  49.20454337 -002.19876341 21
112  49.20449162 -002.19861853  49.20449640 -002.19855754 21
111  49.20463213 -002.19683976
112  49.20463213 -002.19683976  49.20464244 -002.19668940 21
111  49.20461440 -002.19653640 21
111  49.20419725 -002.19434154 21
111  49.20416114 -002.19400793
111  49.20418400 -002.19383953 21
111  49.20420402 -002.19357230 21
111  49.20426747 -002.19288856 21
111  49.20461982 -002.19274005 21
111  49.20470836 -002.19251636 21
112  49.20484788 -002.19118266  49.20483922 -002.19116034
111  49.20484788 -002.19118266 21
111  49.20461361 -002.19058606 21
112  49.20454766 -002.19055899  49.20450914 -002.19059322
111  49.20454766 -002.19055899 21
115  49.20379574 -002.19124995
120 Apron taxi lines east
111  49.20400261 -002.19443743 1
112  49.20396317 -002.19359623  49.20400111 -002.19324908
111  49.20396317 -002.19359623 1
111  49.20411331 -002.19205321 1
112  49.20420210 -002.19184319  49.20428369 -002.19177399
111  49.20420210 -002.19184319
112  49.20420210 -002.19184319  49.20432118 -002.19172590 1
111  49.20423358 -002.19149357 1
111  49.20398567 -002.19132601
111  49.20368851 -002.19216787 1
111  49.20399173 -002.19218272
112  49.20399173 -002.19218272  49.20407906 -002.19218736 1
111  49.20408391 -002.19235580
111  49.20375791 -002.19297556 1
111  49.20392732 -002.19301360
112  49.20392732 -002.19301360  49.20399448 -002.19302818 1
115  49.20400472 -002.19316863
120 Apron taxi lines south
112  49.20428750 -002.19850663  49.20437790 -002.19811006 51
111  49.20460020 -002.19839716 51
111  49.20490399 -002.19844233
111  49.20433053 -002.19791413
112  49.20433053 -002.19791413  49.20444134 -002.19750981 51
111  49.20467864 -002.19781580 51
111  49.20496842 -002.19786253
111  49.20437138 -002.19735597
112  49.20437138 -002.19735597  49.20448549 -002.19696693 51
111  49.20472859 -002.19726740 51
111  49.20502293 -002.19731761
111  49.20440694 -002.19686162
112  49.20440694 -002.19686162  49.20449018 -002.19651624 51
112  49.20476897 -002.19672593  49.20486069 -002.19671749
111  49.20476897 -002.19672593 51
111  49.20499000 -002.19670905
111  49.20436927 -002.19649199
112  49.20436927 -002.19649199  49.20437273 -002.19605733 51
111  49.20468511 -002.19620209 51
111  49.20498703 -002.19607630
111  49.20434955 -002.19637960
112  49.20434955 -002.19637960  49.20430910 -002.19615335 51
111  49.20412905 -002.19620327 51
111  49.20374704 -002.19636652
111  49.20427709 -002.19597706
112  49.20427709 -002.19597706  49.20427466 -002.19553060 51
112  49.20458780 -002.19568667  49.20464584 -002.19566012
111  49.20458780 -002.19568667 51
111  49.20489398 -002.19556044
111  49.20426567 -002.19591213
112  49.20426567 -002.19591213  49.20422093 -002.19567312 51
111  49.20404621 -002.19573430 51
111  49.20364706 -002.19590644
111  49.20418675 -002.19546996
112  49.20418675 -002.19546996  49.20416767 -002.19504879 51
112  49.20446417 -002.19518033  49.20449926 -002.19516422
111  49.20446417 -002.19518033 51
111  49.20479833 -002.19504760
111  49.20418675 -002.19546996
112  49.20418675 -002.19546996  49.20413578 -002.19522196 51
111  49.20391022 -002.19529037 51
111  49.20357392 -002.19543213
111  49.20409826 -002.19497348
112  49.20409826 -002.19497348  49.20406055 -002.19476808 51
111  49.20423248 -002.19461307 51
111  49.20451083 -002.19449325
111  49.20409826 -002.19497348
112  49.20409826 -002.19497348  49.20405472 -002.19473984 51
111  49.20389522 -002.19479741 51
111  49.20347470 -002.19497261
111  49.20400261 -002.19443743
112  49.20400261 -002.19443743  49.20397298 -002.19427868 51
111  49.20379338 -002.19433372 51
115  49.20338596 -002.19450247
120 Apron taxi line north
111  49.20633792 -002.19668534 51
112  49.20604716 -002.19658408  49.20589140 -002.19646902
111  49.20604716 -002.19658408
112  49.20604716 -002.19658408  49.20618912 -002.19670684 51
111  49.20616735 -002.19692100 51
112  49.20597682 -002.19702244  49.20584951 -002.19699169
111  49.20597682 -002.19702244 51
111  49.20592297 -002.19700803
111  49.20597682 -002.19702244
112  49.20597682 -002.19702244  49.20610413 -002.19705318 51
111  49.20610414 -002.19727533
111  49.20609883 -002.19734923 51
112  49.20588531 -002.19754231  49.20569987 -002.19750932
111  49.20588531 -002.19754231
112  49.20588531 -002.19754231  49.20607126 -002.19757606 51
111  49.20606659 -002.19779417
111  49.20605972 -002.19788812 51
112  49.20584766 -002.19807428  49.20568090 -002.19805057
111  49.20584766 -002.19807428
112  49.20584766 -002.19807428  49.20601442 -002.19809660 51
111  49.20602690 -002.19834171
111  49.20602177 -002.19841145 51
112  49.20580699 -002.19860395  49.20562556 -002.19857480
111  49.20580699 -002.19860395
112  49.20580699 -002.19860395  49.20598842 -002.19863387 51
115  49.20598826 -002.19887443
120 Linear Feature 77
111  49.20731091 -002.18482285 51 101
111  49.20703582 -002.18805222 51 101
111  49.20697551 -002.18875300 51 101
111  49.20676141 -002.19135760
112  49.20676141 -002.19135760  49.20671310 -002.19195383 51 101
111  49.20681422 -002.19235869 51 101
111  49.20702912 -002.19350364
112  49.20702912 -002.19350364  49.20710135 -002.19389059 51 101
111  49.20705276 -002.19431068 51 101
111  49.20690110 -002.19568514
112  49.20690110 -002.19568514  49.20684882 -002.19614257 51 101
111  49.20656871 -002.19649674 51 101
111  49.20628229 -002.19673063
112  49.20628229 -002.19673063  49.20615210 -002.19683710 51 101
111  49.20611310 -002.19715183 51 101
111  49.20598826 -002.19887443
112  49.20598826 -002.19887443  49.20595556 -002.19930346 51 101
111  49.20567142 -002.19929956 51 101
111  49.20536991 -002.19925002 51 101
111  49.20485617 -002.19917090 51 101
111  49.20453580 -002.19911034
112  49.20453580 -002.19911034  49.20425891 -002.19906658 51 101
111  49.20427542 -002.19867080 51 101
111  49.20440694 -002.19686162 51 101
112  49.20439360 -002.19662897  49.20437198 -002.19652024
111  49.20439360 -002.19662897 51 101
115  49.20400261 -002.19443743
120 Linear Feature 76
111  49.20688897 -002.18278854 1
111  49.20696140 -002.18438485
112  49.20696140 -002.18438485  49.20696248 -002.18443125 1
111  49.20697754 -002.18445954
111  49.20689068 -002.18436983
112  49.20689068 -002.18436983  49.20694860 -002.18439717 1
111  49.20695837 -002.18431743
111  49.20651347 -002.18327057 1
111  49.20659476 -002.18400567 1
112  49.20667885 -002.18415011  49.20673950 -002.18421066
111  49.20667885 -002.18415011 1
111  49.20720940 -002.18469921
112  49.20720940 -002.18469921  49.20727125 -002.18475792 1
111  49.20734804 -002.18463074
111  49.20729897 -002.18496281 1
116  49.20720940 -002.18469921  49.20713260 -002.18462385
120 Linear Feature 75
111  49.20880329 -002.18504369 51 101
111  49.20883562 -002.18462490
112  49.20883562 -002.18462490  49.20886542 -002.18396361 51 101
111  49.20840781 -002.18376638 51 101
111  49.20824240 -002.18373021 51 101
112  49.20786309 -002.18389392  49.20771398 -002.18406143
111  49.20786309 -002.18389392 51 101
111  49.20745890 -002.18438503 51 101
112  49.20731091 -002.18482285  49.20729169 -002.18506858
111  49.20731091 -002.18482285 51 101
111  49.20741289 -002.18358174
112  49.20741289 -002.18358174  49.20743696 -002.18325928 51 101
111  49.20769022 -002.18316105 51 101
111  49.20794019 -002.18316105 51 101
112  49.20817400 -002.18327716  49.20826429 -002.18336239 51 101
111  49.20877220 -002.18384443 51 101
112  49.20888412 -002.18413568  49.20887181 -002.18430738
111  49.20888412 -002.18413568
111  49.20877220 -002.18384443 51 101
115  49.20840781 -002.18376638
120 Linear Feature 74
111  49.20803009 -002.19428223 51 101
111  49.20811628 -002.19326877 51 101
112  49.20779343 -002.18983263  49.20733676 -002.18818942
111  49.20779343 -002.18983263 51 101
111  49.20747040 -002.18869418
112  49.20747040 -002.18869418  49.20740245 -002.18845661 51 101
111  49.20725582 -002.18844096
112  49.20725582 -002.18844096  49.20704290 -002.18840189 51 101
111  49.20697551 -002.18875300
111  49.20703582 -002.18805222 51 101
116  49.20725582 -002.18844096  49.20746874 -002.18848004
120 Linear Feature 73
112  49.20748110 -002.19625794  49.20771174 -002.19629947 51 101
112  49.20780332 -002.19702282  49.20778070 -002.19731528
111  49.20780332 -002.19702282 51 101
111  49.20773774 -002.19782924
111  49.20798534 -002.19483372 51 101
111  49.20791072 -002.19570763
112  49.20791072 -002.19570763  49.20789376 -002.19591184 51 101
112  49.20748110 -002.19625794  49.20725046 -002.19621641
111  49.20748110 -002.19625794 51 101
111  49.20710687 -002.19618352
112  49.20710687 -002.19618352  49.20685925 -002.19613370 51 101
111  49.20690110 -002.19568514
111  49.20656871 -002.19649674 51 101
116  49.20710687 -002.19618352  49.20732884 -002.19621283
120 Linear Feature 72
111  49.20735630 -002.20235069 51 101
111  49.20739994 -002.20182554 51 101
112  49.20709145 -002.20114450  49.20674133 -002.20104242
111  49.20709145 -002.20114450 51 101
111  49.20688927 -002.20109693
112  49.20688927 -002.20109693  49.20710267 -002.20110330 51 101
111  49.20720582 -002.20086509 51 101
111  49.20744207 -002.20037910
112  49.20744207 -002.20037910  49.20753972 -002.20017616 51 101
111  49.20755945 -002.19994608 51 101
111  49.20763469 -002.19904319
111  49.20688927 -002.20109693 51 101
111  49.20552657 -002.20084999
112  49.20552657 -002.20084999  49.20536581 -002.20082313 51 101
111  49.20529192 -002.20063230
111  49.20545417 -002.20144357
112  49.20545417 -002.20144357  49.20543790 -002.20122502 51 101
112  49.20574734 -002.20089095  49.20590738 -002.20092221
111  49.20574734 -002.20089095
111  49.20549919 -002.20167759 1
112  49.20537944 -002.20199304  49.20524844 -002.20203335
111  49.20537944 -002.20199304
112  49.20537944 -002.20199304  49.20554085 -002.20196320 1
111  49.20559262 -002.20214432
111  49.20537944 -002.20199304 1
111  49.20477934 -002.20208512 1
112  49.20463332 -002.20213777  49.20457155 -002.20217677
111  49.20463332 -002.20213777 1
111  49.20426262 -002.20238128 1
115  49.20457459 -002.20353599
120 Linear Feature 71
111  49.20708054 -002.20576666 51 101
111  49.20700771 -002.20660274
112  49.20700771 -002.20660274  49.20671602 -002.20737280 51 101
112  49.20624815 -002.20645422  49.20622554 -002.20598211
111  49.20624815 -002.20645422 51 101
112  49.20619827 -002.20539169  49.20614861 -002.20487117
111  49.20619827 -002.20539169
112  49.20619827 -002.20539169  49.20617720 -002.20512682 51 101
111  49.20612047 -002.20482165 51 101
111  49.20559262 -002.20214432 51 101
111  49.20549919 -002.20167759 51 101
111  49.20545417 -002.20144357 51 101
111  49.20529192 -002.20063230 51 101
111  49.20512043 -002.19975202 51 101
112  49.20537177 -002.19924977  49.20565115 -002.19924405
111  49.20537177 -002.19924977
111  49.20485787 -002.19917140
112  49.20485787 -002.19917140  49.20504842 -002.19920248 51 101
115  49.20512043 -002.19975202
120 Hold G
111  49.20800053 -002.18332911 4
115  49.20805915 -002.18302821
120 Hold A1
111  49.20809718 -002.18394266 4
115  49.20803039 -002.18355663
120 Hold A2
111  49.20723264 -002.18696992 6
115  49.20702762 -002.18693201
120 Hold F
111  49.20746289 -002.18907118 4
115  49.20765348 -002.18895006
120 Hold A3
111  49.20686199 -002.19139939 6
115  49.20665928 -002.19135371
120 Hold E
111  49.20702982 -002.19638784 4
115  49.20707573 -002.19588602
120 Hold A4
111  49.20643387 -002.19682860 6
111  49.20631430 -002.19648472 6
115  49.20615900 -002.19638503
120 Hold K
111  49.20407630 -002.19328517 6
111  49.20391499 -002.19324694
111  49.20375714 -002.19306643 6
111  49.20377361 -002.19288669
111  49.20383107 -002.19226711 6
115  49.20385005 -002.19210204
120 Hold J2
111  49.20380214 -002.19466214 6
111  49.20390310 -002.19447212 6
111  49.20409452 -002.19439285 6
115  49.20421154 -002.19442965
120 Hold J3
111  49.20423134 -002.19327460 6
115  49.20430071 -002.19328438
120 Hold A5
111  49.20544389 -002.19940013 6
111  49.20546386 -002.19912655 6
115  49.20556296 -002.19892917
120 Hold J1
111  49.20457561 -002.19947756 6
111  49.20468672 -002.19927709 6
111  49.20470224 -002.19899482 6
115  49.20463151 -002.19877769
120 Hold B3
111  49.20536738 -002.19964915 6
111  49.20519865 -002.19962409 6
111  49.20501538 -002.19969974 6
115  49.20498730 -002.19974069
120 Hold D
111  49.20647953 -002.20118176 4
115  49.20650536 -002.20085661
120 Hold M
111  49.20518421 -002.20209852 6
115  49.20517884 -002.20195459
120 Hold B2
111  49.20609598 -002.20538477 6
115  49.20629727 -002.20533195
120 Hold B1
111  49.20614093 -002.20643881 4
115  49.20634517 -002.20643690
21  49.20693963 -002.20169757 3 82.7200 3.00 09  PAPI-4R
21  49.20797747 -002.20175429 2 82.7200 3.00 09  PAPI-4L
21  49.20895013 -002.18919929 3 262.7400 3.00 27  PAPI-4R
20  49.20387077 -002.19324535 257.1800 0 3 {@L}J3
20  49.20410033 -002.19329010 73.0800 0 3 {@L}J3
20  49.20385460 -002.19452921 284.9800 0 3 {@L}J2
20  49.20416407 -002.19443716 79.6500 0 3 {@L}J2
20  49.20458619 -002.19952247 178.7800 0 3 {@L}J1
20  49.20455127 -002.19952990 331.5800 0 3 {@L}J1{@@}J1
20  49.20518749 -002.20215287 4.5900 0 3 {@L}M{@@}M
20  49.20496909 -002.19975796 140.1500 0 3 {@L}B3{@@}B3
20  49.20538867 -002.19964691 71.6200 0 3 {@L}B3{@@}B3
20  49.20544079 -002.19944274 354.5000 0 3 {@L}A5{@@}A5
20  49.20644552 -002.19687880 28.0800 0 3 {@L}A4{@@}A4
20  49.20692346 -002.19142255 82.1400 0 3 {@L}A3{@@}A3
20  49.20696814 -002.18691613 82.8100 0 3 {@L}A2{@@}A2
20  49.20696434 -002.18458367 325.0600 0 3 {@L}H{@@}H
20  49.20806675 -002.18297311 349.4100 0 3 {@L}G{@R}08-26{@@,@L}G
20  49.20780190 -002.18355965 52.1700 0 3 {@L}A1{@R}08-26
20  49.20810555 -002.18410908 357.7000 0 3 {@L}A1{@R}08-26{@@,@L}A1
20  49.20769366 -002.18891648 292.6200 0 3 {@L}F{@R}08-26{@@,@L}F
20  49.20741668 -002.18912845 293.8300 0 3 {@L}F{@R}08-26{@@,@L}F
20  49.20711809 -002.19571985 351.8400 0 3 {@L}E{@R}08-26{@@,@L}E
20  49.20702013 -002.19663528 352.5800 0 3 {@L}E{@R}08-26{@@,@L}E
20  49.20641047 -002.20530410 296.5900 0 3 {@L}B2{@R}08-26{@@,@L}B2
20  49.20598294 -002.20543019 282.8400 0 3 {@L}B2{@R}08-26{@@,@L}B2
20  49.20649033 -002.20127010 354.7100 0 3 {@L}D{@R}08-26{@@,@L}D
20  49.20651533 -002.20072247 352.8100 0 3 {@L}D{@R}08-26{@@,@L}D
14  49.20436175 -002.19317829 104.99 0 Tower Viewpoint
19  49.20920208 -002.19050879 1 Windsock
19  49.20845593 -002.20043385 1 Windsock
1050 134680 Jersey Information
1053 121905 Jersey Ground
1054 119455 Jersey Tower
1055 120305 Jersey Approach
99
