1778.3 -454.5 50.4 220 0 18.7 15.3 12.5 2.5 2 0 5 5 5
1827.2 958.9 -51.0 22 0 9.9 23.7 7.5 0.0 0 1 3 1 1
1779.9 223.1 -20.7 316 0 85.9 19.7 12.5 0.0 0 0 5 3 3
1272.6 -2025.0 36.6 305 0 12.4 40.5 10.0 2.5 2 1 4 2 2
1244.2 -1936.1 37.8 350 0 54.6 24.5 10.0 2.5 4 0 4 2 2
1190.6 -1887.3 33.4 191 0 58.2 18.7 12.5 0.0 0 0 5 0 0
1956.0 -2506.9 23.7 328 0 6.4 23.3 7.5 2.5 2 1 3 2 2
1929.6 -2518.5 25.0 240 0 6.7 7.0 2.5 2.5 2 1 1 2 2
1888.8 -2588.5 21.9 37 0 38.5 8.3 12.5 2.5 2 0 5 5 5
1590.9 -3006.3 -6.2 122 0 9.1 17.5 7.5 2.5 2 1 3 4 4
1350.9 -1724.7 40.5 95 0 9.7 22.2 7.5 2.5 2 1 3 3 3
1324.9 -1726.2 40.1 108 0 6.9 21.4 5.0 2.5 2 1 2 5 5
1529.1 -7459.3 7.2 266 0 10.6 13.1 5.0 2.5 2 1 2 4 4
1548.6 -7619.9 10.8 109 0 6.0 24.3 7.5 2.5 4 1 3 2 2
1472.8 -7617.2 8.3 200 0 14.6 6.9 7.5 2.5 2 0 3 0 0
1485.0 -7613.9 8.7 290 0 6.9 18.3 5.0 2.5 2 1 2 0 0
1464.0 -7635.8 8.5 201 0 16.4 9.5 7.5 2.5 4 0 3 2 2
1481.7 -7642.7 9.1 21 0 16.4 9.5 5.0 2.5 2 0 2 1 1
1452.1 -7656.0 8.5 201 0 19.5 24.8 12.5 2.5 2 1 5 4 4
1616.6 -8297.8 24.4 288 0 6.2 6.9 10.0 2.5 4 1 4 2 2
1679.6 -8326.2 25.0 291 0 9.1 31.0 10.0 2.5 2 1 4 0 0
1668.6 -8378.5 24.9 214 0 37.1 30.1 7.5 0.0 0 0 3 0 0
1918.3 -8386.7 24.9 204 0 9.9 8.2 5.0 2.5 2 0 2 4 4
1985.8 -7696.2 24.5 291 0 6.3 17.9 2.5 0.0 0 1 1 3 3
1875.8 -7335.7 19.6 9 0 6.0 17.0 7.5 0.0 0 1 3 2 2
1821.2 -7312.3 18.5 281 0 9.1 15.3 7.5 2.5 2 1 3 5 5
1849.2 -7279.8 19.2 190 0 7.4 18.5 7.5 2.5 2 1 3 2 2
1883.5 -7145.5 20.2 111 0 13.1 9.5 5.0 2.5 2 0 2 3 3
1894.9 -7149.8 20.5 111 0 11.2 24.1 10.0 2.5 2 1 4 4 4
1843.0 -6980.8 17.4 103 0 6.5 6.8 10.0 2.5 2 1 4 4 4
1854.2 -6983.5 17.5 103 0 16.6 6.8 7.5 2.5 2 0 3 0 0
1818.9 -6992.1 17.0 113 0 19.2 9.2 5.0 2.5 4 0 2 3 3
1806.8 -6914.0 14.6 299 0 8.8 33.7 12.5 0.0 0 1 5 4 4
1851.7 -6935.9 16.5 289 0 6.6 13.7 5.0 0.0 0 1 2 1 1
1862.3 -6946.7 17.0 293 0 9.9 7.0 5.0 2.5 2 0 2 2 2
1876.5 -6943.1 17.4 292 0 9.8 16.8 5.0 2.5 2 1 2 0 0
1843.4 -7334.3 19.3 190 0 6.2 12.4 7.5 2.5 4 1 3 5 5
1961.2 -7713.4 24.3 201 0 6.9 22.6 10.0 0.0 0 1 4 3 3
1978.4 -7152.1 23.2 206 0 7.1 7.2 7.5 2.5 2 1 3 0 0
1988.7 -7163.7 23.3 111 0 10.0 6.6 7.5 2.5 2 0 3 4 4
